$ 1 0.000005 10.20027730826997 59 5 50 5e-11
t 368 176 432 176 0 1 -4.3 0.6469491342654315 100 default
s 256 176 368 176 0 0 false
R 256 176 192 176 0 0 40 0.7000000000000001 0 0 0.5
R 432 112 432 64 0 0 40 5 0 0 0.5
w 432 160 432 112 0
g 432 336 432 368 0 0
w 432 336 432 272 0
181 432 192 432 272 0 300.01015749056063 100 120 0.4 0.4
x 161 76 358 79 4 24 NPN类型的三极管
x 564 80 756 83 4 24 PNP类型的三极管
181 816 224 816 304 0 333.2468040718277 100 120 0.4 0.4
w 816 336 816 304 0
g 816 336 816 368 0 0
w 816 160 816 112 0
R 816 112 816 64 0 0 40 5 0 0 0.5
R 608 176 544 176 0 0 40 0.7000000000000001 0 0 0.5
s 640 176 752 176 0 0 false
t 752 176 816 176 0 -1 -0.593040875780801 -0.7399127783145438 100 default
w 816 192 816 224 0
x 119 110 383 113 4 24 高电压导通，低电压截止
x 523 117 787 120 4 24 低电压导通，高电压截止
r 608 176 640 176 0 1000
