$ 1 0.000005 10.20027730826997 50 5 50 5e-11
153 336 192 496 192 0 2 5 5
153 336 304 496 304 0 2 0 5
w 336 208 336 240 0
w 336 240 496 272 0
w 496 272 496 304 0
w 336 288 336 272 0
w 336 272 496 208 0
w 496 208 496 192 0
w 496 304 560 304 0
L 272 176 224 176 0 0 false 5 0
L 272 320 224 320 0 0 false 5 0
x 225 380 293 383 4 24 S\s设置
x 217 147 287 150 4 24 R\s重置
w 272 176 336 176 0
w 272 320 336 320 0
x 547 347 566 350 6 24 Q
w 496 192 560 192 0
x 549 179 568 182 4 24 Q
x 337 103 481 106 4 24 双稳态触发器
